0	0.00190657	594.256	-565.862	-565.862	1909
0.0173205	0.00462548	-1370.21	-1408.97	-1408.97	1920
0.034641	0.00707361	-3591.05	-624.687	-624.687	1916
0.0519615	0.00612985	-2250.01	-1613.64	-1613.64	1914
0.069282	0.004661	-375.156	-1702.53	-1702.53	1860
0.0866025	0.00425204	-1966.19	-733.408	-733.408	1838
0.103923	0.000905166	-452.614	97.6826	97.6826	1840
0.121244	0.00528782	-2762.45	-75.3187	-75.3187	1872
0.138564	0.00676634	-1768.11	-2166.52	-2166.52	1865
0.155885	0.00488506	-2307.64	-773.764	-773.764	1864
0.173205	0.0048629	-2535.05	-136.159	-136.159	1855
0.190526	0.0116736	-4741.01	-2717.51	-2717.51	1874
0.207846	0.00786004	-3308.96	-1722.93	-1722.93	1869
0.225167	0.00441614	-1728.64	-1082.2	-1082.2	1869
0.242487	0.00276528	1432.7	-136.81	-136.81	1893
0.259808	0.000382684	189.018	46.3685	46.3685	1921
0.277128	0.00124495	-580.258	208.48	208.48	1914
0.294449	0.00311451	-1596.69	-225.707	-225.707	1922
0.311769	0.00871997	-4050.44	-1479.37	-1479.37	1942
0.32909	0.00851545	-4210.92	-1021.73	-1021.73	1941
0.34641	0.00901233	-4171.6	-1548.85	-1548.85	1920
0.363731	0.00594657	-2633.81	-1167.98	-1167.98	1928
0.381051	0.00973155	-4700.96	-1375.83	-1375.83	1921
0.398372	0.0106367	-4745.3	-2050.1	-2050.1	1941
0.415692	0.0119547	-6031.86	-1157.42	-1157.42	1970
0.433013	0.0134201	-7002.96	-303.684	-303.684	1938
0.450333	0.0129614	-5929.07	-2319.93	-2319.93	1932
0.467654	0.0137194	-6827.73	-1553.74	-1553.74	1917
0.484974	0.013393	-5283.26	-3249.16	-3249.16	1930
0.502295	0.0114555	-4579.46	-2729.18	-2729.18	1950
0.519615	0.0145748	-5414.63	-3790.99	-3790.99	1991
0.536936	0.0178924	-6078.79	-5027.44	-5027.44	2016
0.554256	0.0198583	-6436.29	-5760.25	-5760.25	2055
0.571577	0.0217475	-8114.75	-5631.24	-5631.24	2066
0.588897	0.0248569	-8425.41	-6996.13	-6996.13	2108
0.606218	0.0247688	-9629.82	-6121.67	-6121.67	2113
0.623538	0.0251461	-9033.97	-6753.48	-6753.48	2164
0.640859	0.0259603	-9547.32	-6821.04	-6821.04	2167
0.658179	0.0219611	-7892.09	-5896.47	-5896.47	2150
0.6755	0.0290218	-10037.6	-8045.5	-8045.5	2192
0.69282	0.0328361	-10285.1	-9719.05	-9719.05	2201
0.710141	0.0353983	-11287.6	-10370.1	-10370.1	2231
0.727461	0.036027	-9731.35	-11403.1	-11403.1	2241
0.744782	0.0351206	-8708.62	-11430.1	-11430.1	2283
0.762102	0.0388933	-10567.5	-12283.9	-12283.9	2312
0.779423	0.0362874	-12019.1	-10379	-10379	2341
0.796743	0.0403071	-15619.8	-10002.1	-10002.1	2396
0.814064	0.0395876	-15646.6	-9579.51	-9579.51	2471
0.831384	0.0472774	-18967.1	-11206.6	-11206.6	2535
0.848705	0.0462957	-18709.9	-10857.1	-10857.1	2575
0.866025	0.0499852	-22411.8	-9503.2	-9503.2	2617
0.883346	0.0633493	-27693.3	-12844.7	-12844.7	2700
0.900666	0.0694224	-29040.5	-15393.8	-15393.8	2753
0.917987	0.0737562	-30523.7	-16661.2	-16661.2	2840
0.935307	0.0909165	-36356.7	-21650.1	-21650.1	2919
0.952628	0.10508	-43557.7	-23672.4	-23672.4	2997
0.969948	0.117759	-49509.1	-25875.9	-25875.9	3082
0.987269	0.128087	-52788.7	-29134.1	-29134.1	3176
1.00459	0.14102	-58605.7	-31630.2	-31630.2	3272
1.02191	0.161446	-69140.6	-34232.6	-34232.6	3409
1.03923	0.188338	-81334.9	-39242.1	-39242.1	3638
1.05655	0.224697	-95805.1	-48069.2	-48069.2	3858
1.07387	0.279917	-119515	-59716.6	-59716.6	4139
1.09119	0.349568	-148674	-75152.7	-75152.7	4475
1.10851	0.449058	-190480	-97042.3	-97042.3	4883
1.12583	0.681586	-290729	-145692	-145692	5888
1.14315	0.834358	-354893	-179343	-179343	6233
1.16047	0.940005	-400670	-201218	-201218	6278
1.17779	1.03601	-442284	-221076	-221076	6058
1.19512	1.11589	-474131	-240365	-240365	5752
1.21244	1.18693	-500644	-259249	-259249	5335
1.22976	1.25493	-527334	-276012	-276012	4779
1.24708	1.31805	-550067	-293484	-293484	4093
1.2644	1.37105	-570304	-307038	-307038	3378
1.28172	1.42185	-590594	-319196	-319196	2568
1.29904	1.46928	-608149	-331819	-331819	1692
1.31636	1.51281	-623596	-343990	-343990	764
1.33368	1.51328	-621316	-346331	-346331	0
1.351	1.384	-565089	-319545	-319545	0
1.36832	1.2778	-518863	-297541	-297541	0
1.38564	1.18844	-479967	-278996	-278996	0
1.40296	1.11185	-446643	-263055	-263055	0
1.42028	1.0452	-417678	-249136	-249136	0
1.4376	0.9865	-392203	-236826	-236826	0
1.45492	0.934279	-369578	-225823	-225823	0
1.47224	0.887422	-349318	-215901	-215901	0
1.48956	0.845071	-331046	-206885	-206885	0
1.50688	0.80655	-314467	-198639	-198639	0
1.5242	0.771321	-299345	-191055	-191055	0
1.54153	0.738946	-285486	-184045	-184045	0
1.55885	0.709068	-272732	-177538	-177538	0
1.57617	0.681389	-260953	-171474	-171474	0
1.59349	0.655659	-250037	-165803	-165803	0
1.61081	0.631667	-239891	-160484	-160484	0
1.62813	0.609235	-230436	-155482	-155482	0
1.64545	0.588207	-221601	-150765	-150765	0
1.66277	0.568449	-213329	-146307	-146307	0
1.68009	0.549846	-205567	-142087	-142087	0
1.69741	0.532296	-198269	-138082	-138082	0
1.71473	0.515708	-191395	-134277	-134277	0
1.73205	0.500005	-184911	-130654	-130654	0
1.74937	0.485116	-178784	-127201	-127201	0
1.76669	0.470978	-172986	-123905	-123905	0
1.78401	0.457534	-167492	-120755	-120755	0
1.80133	0.444735	-162281	-117741	-117741	0
1.81865	0.432535	-157330	-114854	-114854	0
1.83597	0.420892	-152622	-112086	-112086	0
1.85329	0.409771	-148140	-109429	-109429	0
1.87061	0.399135	-143868	-106877	-106877	0
1.88794	0.388955	-139794	-104423	-104423	0
1.90526	0.379203	-135903	-102062	-102062	0
1.92258	0.369852	-132186	-99788	-99788	0
1.9399	0.360878	-128630	-97597.1	-97597.1	0
1.95722	0.352259	-125226	-95484.5	-95484.5	0
1.97454	0.343976	-121965	-93446.1	-93446.1	0
1.99186	0.336009	-118839	-91478	-91478	0
2.00918	0.328341	-115839	-89576.8	-89576.8	0
2.0265	0.320957	-112960	-87739.1	-87739.1	0
2.04382	0.313841	-110194	-85961.8	-85961.8	0
2.06114	0.306979	-107535	-84242.1	-84242.1	0
2.07846	0.300358	-104977	-82577.3	-82577.3	0
2.09578	0.293967	-102515	-80964.8	-80964.8	0
2.1131	0.287794	-100144	-79402.4	-79402.4	0
2.13042	0.281829	-97859.9	-77887.8	-77887.8	0
2.14774	0.276061	-95657.6	-76418.9	-76418.9	0
2.16506	0.270482	-93533.4	-74993.8	-74993.8	0
2.18238	0.265082	-91483.3	-73610.6	-73610.6	0
2.1997	0.259854	-89503.9	-72267.6	-72267.6	0
2.21703	0.254791	-87591.8	-70963.1	-70963.1	0
2.23435	0.249883	-85743.8	-69695.6	-69695.6	0
2.25167	0.245126	-83957.1	-68463.6	-68463.6	0
2.26899	0.240513	-82228.7	-67265.7	-67265.7	0
2.28631	0.236036	-80556.2	-66100.6	-66100.6	0
2.30363	0.231692	-78937.1	-64967	-64967	0
2.32095	0.227474	-77368.9	-63863.7	-63863.7	0
2.33827	0.223377	-75849.5	-62789.7	-62789.7	0
2.35559	0.219396	-74376.9	-61743.7	-61743.7	0
2.37291	0.215528	-72949	-60724.9	-60724.9	0
2.39023	0.211766	-71564	-59732.2	-59732.2	0
2.40755	0.208108	-70220.2	-58764.8	-58764.8	0
2.42487	0.204549	-68915.8	-57821.6	-57821.6	0
2.44219	0.201086	-67649.3	-56901.9	-56901.9	0
2.45951	0.197714	-66419.2	-56004.9	-56004.9	0
2.47683	0.194432	-65224	-55129.7	-55129.7	0
2.49415	0.191234	-64062.4	-54275.7	-54275.7	0
2.51147	0.188119	-62933.1	-53442.2	-53442.2	0
2.52879	0.185084	-61834.8	-52628.4	-52628.4	0
2.54611	0.182125	-60766.5	-51833.8	-51833.8	0
2.56344	0.179239	-59727	-51057.7	-51057.7	0
2.58076	0.176426	-58715.1	-50299.5	-50299.5	0
2.59808	0.173681	-57730.1	-49558.6	-49558.6	0
2.6154	0.171002	-56770.7	-48834.6	-48834.6	0
2.63272	0.168388	-55836.2	-48126.9	-48126.9	0
2.65004	0.165837	-54925.7	-47434.9	-47434.9	0
2.66736	0.163345	-54038.3	-46758.2	-46758.2	0
2.68468	0.160912	-53173.2	-46096.4	-46096.4	0
2.702	0.158535	-52329.6	-45448.9	-45448.9	0
2.71932	0.156213	-51506.9	-44815.5	-44815.5	0
2.73664	0.153943	-50704.3	-44195.6	-44195.6	0
2.75396	0.151725	-49921.1	-43588.8	-43588.8	0
2.77128	0.149556	-49156.8	-42994.8	-42994.8	0
2.7886	0.147436	-48410.6	-42413.3	-42413.3	0
2.80592	0.145362	-47682.1	-41843.7	-41843.7	0
2.82324	0.143333	-46970.5	-41285.9	-41285.9	0
2.84056	0.141348	-46275.5	-40739.5	-40739.5	0
2.85788	0.139406	-45596.4	-40204.2	-40204.2	0
2.8752	0.137504	-44932.8	-39679.6	-39679.6	0
2.89252	0.135644	-44284.2	-39165.5	-39165.5	0
2.90985	0.133822	-43650.1	-38661.6	-38661.6	0
2.92717	0.132037	-43030.1	-38167.6	-38167.6	0
2.94449	0.13029	-42423.8	-37683.3	-37683.3	0
2.96181	0.128578	-41830.7	-37208.3	-37208.3	0
2.97913	0.126901	-41250.5	-36742.5	-36742.5	0
2.99645	0.125258	-40682.7	-36285.6	-36285.6	0
3.01377	0.123648	-40127	-35837.4	-35837.4	0
3.03109	0.122069	-39583.1	-35397.6	-35397.6	0
3.04841	0.120522	-39050.6	-34966.1	-34966.1	0
3.06573	0.119005	-38529.2	-34542.5	-34542.5	0
3.08305	0.117517	-38018.6	-34126.9	-34126.9	0
3.10037	0.116058	-37518.5	-33718.8	-33718.8	0
3.11769	0.114627	-37028.5	-33318.2	-33318.2	0
3.13501	0.113223	-36548.4	-32924.8	-32924.8	0
3.15233	0.111845	-36078	-32538.5	-32538.5	0
3.16965	0.110493	-35616.9	-32159.1	-32159.1	0
3.18697	0.109167	-35165	-31786.5	-31786.5	0
3.20429	0.107865	-34721.9	-31420.4	-31420.4	0
3.22161	0.106586	-34287.4	-31060.7	-31060.7	0
3.23894	0.105331	-33861.3	-30707.4	-30707.4	0
3.25626	0.104099	-33443.4	-30360.1	-30360.1	0
3.27358	0.102889	-33033.5	-30018.8	-30018.8	0
3.2909	0.1017	-32631.3	-29683.3	-29683.3	0
3.30822	0.100533	-32236.7	-29353.6	-29353.6	0
3.32554	0.099386	-31849.4	-29029.4	-29029.4	0
3.34286	0.0982592	-31469.4	-28710.7	-28710.7	0
3.36018	0.0971519	-31096.3	-28397.3	-28397.3	0
3.3775	0.0960638	-30730.1	-28089	-28089	0
3.39482	0.0949944	-30370.5	-27785.9	-27785.9	0
3.41214	0.0939432	-30017.3	-27487.7	-27487.7	0
3.42946	0.0929099	-29670.6	-27194.4	-27194.4	0
3.44678	0.0918939	-29330	-26905.9	-26905.9	0
3.4641	0.090895	-28995.4	-26622	-26622	0
3.48142	0.0899127	-28666.7	-26342.6	-26342.6	0
3.49874	0.0889466	-28343.7	-26067.7	-26067.7	0
3.51606	0.0879965	-28026.4	-25797.2	-25797.2	0
3.53338	0.0870618	-27714.5	-25530.9	-25530.9	0
3.5507	0.0861424	-27407.9	-25268.8	-25268.8	0
3.56802	0.0852378	-27106.6	-25010.8	-25010.8	0
3.58535	0.0843477	-26810.4	-24756.7	-24756.7	0
3.60267	0.0834719	-26519.2	-24506.6	-24506.6	0
3.61999	0.0826099	-26232.8	-24260.3	-24260.3	0
3.63731	0.0817616	-25951.2	-24017.8	-24017.8	0
3.65463	0.0809266	-25674.2	-23779	-23779	0
3.67195	0.0801046	-25401.8	-23543.7	-23543.7	0
3.68927	0.0792953	-25133.8	-23312	-23312	0
3.70659	0.0784986	-24870.2	-23083.7	-23083.7	0
3.72391	0.077714	-24610.8	-22858.8	-22858.8	0
3.74123	0.0769415	-24355.6	-22637.3	-22637.3	0
3.75855	0.0761806	-24104.4	-22419	-22419	0
3.77587	0.0754313	-23857.2	-22203.9	-22203.9	0
3.79319	0.0746931	-23613.9	-21991.9	-21991.9	0
3.81051	0.073966	-23374.5	-21783	-21783	0
3.82783	0.0732497	-23138.7	-21577	-21577	0
3.84515	0.072544	-22906.6	-21374.1	-21374.1	0
3.86247	0.0718487	-22678.1	-21174	-21174	0
3.87979	0.0711635	-22453.1	-20976.8	-20976.8	0
3.89711	0.0704883	-22231.5	-20782.3	-20782.3	0
3.91443	0.0698228	-22013.2	-20590.6	-20590.6	0
3.93176	0.0691669	-21798.3	-20401.5	-20401.5	0
3.94908	0.0685204	-21586.5	-20215.1	-20215.1	0
3.9664	0.0678831	-21378	-20031.3	-20031.3	0
3.98372	0.0672549	-21172.5	-19849.9	-19849.9	0
4.00104	0.0666355	-20970	-19671.1	-19671.1	0
4.01836	0.0660247	-20770.5	-19494.7	-19494.7	0
4.03568	0.0654225	-20573.9	-19320.7	-19320.7	0
4.053	0.0648287	-20380.2	-19149.1	-19149.1	0
4.07032	0.0642431	-20189.2	-18979.7	-18979.7	0
4.08764	0.0636655	-20001	-18812.6	-18812.6	0
4.10496	0.0630958	-19815.5	-18647.8	-18647.8	0
4.12228	0.0625339	-19632.6	-18485.1	-18485.1	0
4.1396	0.0619796	-19452.3	-18324.6	-18324.6	0
4.15692	0.0614327	-19274.6	-18166.2	-18166.2	0
4.17424	0.0608932	-19099.3	-18009.8	-18009.8	0
4.19156	0.060361	-18926.5	-17855.5	-17855.5	0
4.20888	0.0598357	-18756	-17703.2	-17703.2	0
4.2262	0.0593175	-18587.9	-17552.8	-17552.8	0
4.24352	0.058806	-18422.2	-17404.4	-17404.4	0
4.26084	0.0583013	-18258.6	-17257.9	-17257.9	0
4.27817	0.0578031	-18097.3	-17113.2	-17113.2	0
4.29549	0.0573114	-17938.2	-16970.4	-16970.4	0
4.31281	0.0568261	-17781.2	-16829.4	-16829.4	0
4.33013	0.056347	-17626.3	-16690.1	-16690.1	0
4.34745	0.0558741	-17473.5	-16552.6	-16552.6	0
4.36477	0.0554072	-17322.7	-16416.8	-16416.8	0
4.38209	0.0549462	-17173.9	-16282.7	-16282.7	0
4.39941	0.054491	-17027.1	-16150.2	-16150.2	0
4.41673	0.0540415	-16882.1	-16019.4	-16019.4	0
4.43405	0.0535977	-16739.1	-15890.1	-15890.1	0
4.45137	0.0531594	-16597.9	-15762.5	-15762.5	0
4.46869	0.0527266	-16458.5	-15636.3	-15636.3	0
4.48601	0.0522991	-16320.9	-15511.7	-15511.7	0
4.50333	0.0518769	-16185.1	-15388.7	-15388.7	0
4.52065	0.0514598	-16051	-15267	-15267	0
4.53797	0.0510479	-15918.6	-15146.9	-15146.9	0
4.55529	0.0506409	-15787.8	-15028.1	-15028.1	0
4.57261	0.0502388	-15658.7	-14910.8	-14910.8	0
4.58993	0.0498416	-15531.2	-14794.8	-14794.8	0
4.60726	0.0494492	-15405.3	-14680.3	-14680.3	0
4.62458	0.0490614	-15281	-14567	-14567	0
4.6419	0.0486783	-15158.1	-14455.1	-14455.1	0
4.65922	0.0482997	-15036.8	-14344.4	-14344.4	0
4.67654	0.0479256	-14917	-14235.1	-14235.1	0
4.69386	0.0475558	-14798.6	-14127	-14127	0
4.71118	0.0471904	-14681.7	-14020.1	-14020.1	0
4.7285	0.0468292	-14566.1	-13914.5	-13914.5	0
4.74582	0.0464723	-14452	-13810	-13810	0
4.76314	0.0461194	-14339.2	-13706.8	-13706.8	0
4.78046	0.0457706	-14227.8	-13604.7	-13604.7	0
4.79778	0.0454258	-14117.6	-13503.7	-13503.7	0
4.8151	0.045085	-14008.8	-13403.9	-13403.9	0
4.83242	0.044748	-13901.3	-13305.2	-13305.2	0
4.84974	0.0444148	-13795	-13207.6	-13207.6	0
4.86706	0.0440854	-13689.9	-13111.1	-13111.1	0
4.88438	0.0437597	-13586.1	-13015.6	-13015.6	0
4.9017	0.0434376	-13483.5	-12921.2	-12921.2	0
4.91902	0.0431192	-13382	-12827.8	-12827.8	0
4.93634	0.0428042	-13281.8	-12735.5	-12735.5	0
4.95367	0.0424928	-13182.6	-12644.1	-12644.1	0
4.97099	0.0421847	-13084.6	-12553.7	-12553.7	0
4.98831	0.0418801	-12987.7	-12464.3	-12464.3	0
5.00563	0.0415788	-12891.9	-12375.9	-12375.9	0
5.02295	0.0412808	-12797.1	-12288.4	-12288.4	0
5.04027	0.040986	-12703.5	-12201.8	-12201.8	0
5.05759	0.0406944	-12610.8	-12116.2	-12116.2	0
5.07491	0.0404059	-12519.2	-12031.4	-12031.4	0
5.09223	0.0401205	-12428.6	-11947.6	-11947.6	0
5.10955	0.0398382	-12339.1	-11864.6	-11864.6	0
5.12687	0.0395589	-12250.4	-11782.5	-11782.5	0
5.14419	0.0392825	-12162.8	-11701.3	-11701.3	0
5.16151	0.0390091	-12076.1	-11620.9	-11620.9	0
5.17883	0.0387385	-11990.4	-11541.3	-11541.3	0
5.19615	0.0384708	-11905.5	-11462.6	-11462.6	0
5.21347	0.0382059	-11821.6	-11384.6	-11384.6	0
5.23079	0.0379437	-11738.6	-11307.5	-11307.5	0
5.24811	0.0376843	-11656.5	-11231.2	-11231.2	0
5.26543	0.0374275	-11575.2	-11155.6	-11155.6	0
5.28275	0.0371734	-11494.8	-11080.8	-11080.8	0
5.30008	0.0369219	-11415.3	-11006.7	-11006.7	0
5.3174	0.036673	-11336.6	-10933.4	-10933.4	0
5.33472	0.0364266	-11258.7	-10860.9	-10860.9	0
5.35204	0.0361827	-11181.7	-10789	-10789	0
5.36936	0.0359413	-11105.4	-10717.9	-10717.9	0
5.38668	0.0357023	-11029.9	-10647.5	-10647.5	0
5.404	0.0354657	-10955.2	-10577.8	-10577.8	0
5.42132	0.0352315	-10881.3	-10508.7	-10508.7	0
5.43864	0.0349997	-10808.1	-10440.4	-10440.4	0
5.45596	0.0347701	-10735.7	-10372.7	-10372.7	0
5.47328	0.0345428	-10664	-10305.6	-10305.6	0
5.4906	0.0343178	-10593.1	-10239.3	-10239.3	0
5.50792	0.0340949	-10522.8	-10173.5	-10173.5	0
5.52524	0.0338743	-10453.3	-10108.4	-10108.4	0
5.54256	0.0336558	-10384.5	-10044	-10044	0
5.55988	0.0334394	-10316.3	-9980.12	-9980.12	0
5.5772	0.0332252	-10248.9	-9916.88	-9916.88	0
5.59452	0.033013	-10182.1	-9854.25	-9854.25	0
5.61184	0.0328029	-10115.9	-9792.21	-9792.21	0
5.62917	0.0325948	-10050.4	-9730.76	-9730.76	0
5.64649	0.0323886	-9985.6	-9669.89	-9669.89	0
5.66381	0.0321845	-9921.39	-9609.59	-9609.59	0
5.68113	0.0319823	-9857.81	-9549.86	-9549.86	0
5.69845	0.031782	-9794.85	-9490.68	-9490.68	0
5.71577	0.0315836	-9732.5	-9432.06	-9432.06	0
5.73309	0.0313871	-9670.76	-9373.99	-9373.99	0
5.75041	0.0311924	-9609.6	-9316.45	-9316.45	0
5.76773	0.0309995	-9549.04	-9259.44	-9259.44	0
5.78505	0.0308085	-9489.05	-9202.96	-9202.96	0
5.80237	0.0306192	-9429.63	-9147	-9147	0
5.81969	0.0304317	-9370.78	-9091.55	-9091.55	0
5.83701	0.0302459	-9312.49	-9036.6	-9036.6	0
5.85433	0.0300618	-9254.74	-8982.16	-8982.16	0
5.87165	0.0298794	-9197.54	-8928.2	-8928.2	0
5.88897	0.0296987	-9140.88	-8874.74	-8874.74	0
5.90629	0.0295197	-9084.74	-8821.76	-8821.76	0
5.92361	0.0293422	-9029.13	-8769.25	-8769.25	0
5.94093	0.0291664	-8974.03	-8717.22	-8717.22	0
5.95825	0.0289922	-8919.45	-8665.64	-8665.64	0
5.97558	0.0288195	-8865.36	-8614.53	-8614.53	0
5.9929	0.0286484	-8811.78	-8563.87	-8563.87	0
6.01022	0.0284788	-8758.68	-8513.66	-8513.66	0
6.02754	0.0283108	-8706.07	-8463.9	-8463.9	0
6.04486	0.0281442	-8653.94	-8414.57	-8414.57	0
6.06218	0.0279791	-8602.28	-8365.67	-8365.67	0
6.0795	0.0278155	-8551.09	-8317.2	-8317.2	0
6.09682	0.0276533	-8500.36	-8269.15	-8269.15	0
6.11414	0.0274925	-8450.09	-8221.52	-8221.52	0
6.13146	0.0273332	-8400.27	-8174.3	-8174.3	0
6.14878	0.0271752	-8350.89	-8127.49	-8127.49	0
6.1661	0.0270187	-8301.95	-8081.09	-8081.09	0
6.18342	0.0268635	-8253.45	-8035.08	-8035.08	0
6.20074	0.0267096	-8205.38	-7989.47	-7989.47	0
6.21806	0.026557	-8157.73	-7944.24	-7944.24	0
6.23538	0.0264058	-8110.5	-7899.4	-7899.4	0
6.2527	0.0262559	-8063.68	-7854.95	-7854.95	0
6.27002	0.0261072	-8017.27	-7810.86	-7810.86	0
6.28734	0.0259599	-7971.27	-7767.15	-7767.15	0
6.30466	0.0258138	-7925.67	-7723.81	-7723.81	0
6.32199	0.0256689	-7880.46	-7680.83	-7680.83	0
6.33931	0.0255252	-7835.65	-7638.21	-7638.21	0
6.35663	0.0253828	-7791.21	-7595.95	-7595.95	0
6.37395	0.0252415	-7747.17	-7554.04	-7554.04	0
6.39127	0.0251015	-7703.49	-7512.48	-7512.48	0
6.40859	0.0249626	-7660.19	-7471.26	-7471.26	0
6.42591	0.0248249	-7617.26	-7430.38	-7430.38	0
6.44323	0.0246883	-7574.7	-7389.83	-7389.83	0
6.46055	0.0245528	-7532.49	-7349.62	-7349.62	0
6.47787	0.0244185	-7490.64	-7309.74	-7309.74	0
6.49519	0.0242853	-7449.14	-7270.19	-7270.19	0
6.51251	0.0241532	-7407.99	-7230.95	-7230.95	0
6.52983	0.0240221	-7367.18	-7192.04	-7192.04	0
6.54715	0.0238921	-7326.71	-7153.43	-7153.43	0
6.56447	0.0237632	-7286.58	-7115.14	-7115.14	0
6.58179	0.0236354	-7246.79	-7077.16	-7077.16	0
6.59911	0.0235085	-7207.32	-7039.49	-7039.49	0
6.61643	0.0233827	-7168.18	-7002.11	-7002.11	0
6.63375	0.023258	-7129.35	-6965.03	-6965.03	0
6.65108	0.0231342	-7090.85	-6928.25	-6928.25	0
6.6684	0.0230114	-7052.66	-6891.76	-6891.76	0
6.68572	0.0228896	-7014.78	-6855.56	-6855.56	0
6.70304	0.0227688	-6977.21	-6819.65	-6819.65	0
6.72036	0.0226489	-6939.95	-6784.02	-6784.02	0
6.73768	0.02253	-6902.98	-6748.66	-6748.66	0
6.755	0.022412	-6866.32	-6713.59	-6713.59	0
6.77232	0.0222949	-6829.94	-6678.79	-6678.79	0
6.78964	0.0221788	-6793.86	-6644.26	-6644.26	0
6.80696	0.0220636	-6758.07	-6610	-6610	0
6.82428	0.0219493	-6722.56	-6576	-6576	0
6.8416	0.0218358	-6687.34	-6542.27	-6542.27	0
6.85892	0.0217233	-6652.39	-6508.79	-6508.79	0
6.87624	0.0216116	-6617.72	-6475.58	-6475.58	0
6.89356	0.0215008	-6583.33	-6442.62	-6442.62	0
6.91088	0.0213909	-6549.2	-6409.91	-6409.91	0
6.9282	0.0212818	-6515.34	-6377.45	-6377.45	0
6.94552	0.0211735	-6481.75	-6345.24	-6345.24	0
6.96284	0.0210661	-6448.41	-6313.27	-6313.27	0
6.98016	0.0209595	-6415.34	-6281.54	-6281.54	0
6.99749	0.0208537	-6382.53	-6250.06	-6250.06	0
7.01481	0.0207487	-6349.96	-6218.81	-6218.81	0
7.03213	0.0206445	-6317.65	-6187.79	-6187.79	0
7.04945	0.0205411	-6285.59	-6157.01	-6157.01	0
7.06677	0.0204385	-6253.77	-6126.46	-6126.46	0
7.08409	0.0203366	-6222.2	-6096.14	-6096.14	0
7.10141	0.0202355	-6190.86	-6066.04	-6066.04	0
7.11873	0.0201352	-6159.77	-6036.16	-6036.16	0
7.13605	0.0200356	-6128.91	-6006.51	-6006.51	0
7.15337	0.0199367	-6098.29	-5977.07	-5977.07	0
7.17069	0.0198386	-6067.89	-5947.86	-5947.86	0
7.18801	0.0197412	-6037.73	-5918.85	-5918.85	0
7.20533	0.0196446	-6007.79	-5890.06	-5890.06	0
7.22265	0.0195486	-5978.07	-5861.48	-5861.48	0
7.23997	0.0194534	-5948.58	-5833.11	-5833.11	0
7.25729	0.0193588	-5919.31	-5804.94	-5804.94	0
7.27461	0.019265	-5890.26	-5776.98	-5776.98	0
7.29193	0.0191718	-5861.42	-5749.22	-5749.22	0
7.30925	0.0190793	-5832.79	-5721.66	-5721.66	0
7.32657	0.0189875	-5804.38	-5694.3	-5694.3	0
7.3439	0.0188964	-5776.17	-5667.14	-5667.14	0
7.36122	0.0188059	-5748.17	-5640.17	-5640.17	0
7.37854	0.018716	-5720.38	-5613.4	-5613.4	0
7.39586	0.0186268	-5692.79	-5586.81	-5586.81	0
7.41318	0.0185383	-5665.4	-5560.41	-5560.41	0
7.4305	0.0184503	-5638.21	-5534.21	-5534.21	0
7.44782	0.018363	-5611.22	-5508.18	-5508.18	0
7.46514	0.0182764	-5584.42	-5482.34	-5482.34	0
7.48246	0.0181903	-5557.82	-5456.69	-5456.69	0
7.49978	0.0181049	-5531.4	-5431.21	-5431.21	0
7.5171	0.01802	-5505.18	-5405.91	-5405.91	0
7.53442	0.0179358	-5479.14	-5380.79	-5380.79	0
7.55174	0.0178521	-5453.29	-5355.85	-5355.85	0
7.56906	0.0177691	-5427.63	-5331.07	-5331.07	0
7.58638	0.0176866	-5402.14	-5306.47	-5306.47	0
7.6037	0.0176047	-5376.84	-5282.04	-5282.04	0
7.62102	0.0175233	-5351.72	-5257.78	-5257.78	0
7.63834	0.0174426	-5326.77	-5233.69	-5233.69	0
7.65566	0.0173623	-5302	-5209.76	-5209.76	0
7.67299	0.0172827	-5277.4	-5186	-5186	0
7.69031	0.0172036	-5252.98	-5162.4	-5162.4	0
7.70763	0.017125	-5228.72	-5138.96	-5138.96	0
7.72495	0.017047	-5204.64	-5115.68	-5115.68	0
7.74227	0.0169695	-5180.72	-5092.56	-5092.56	0
7.75959	0.0168926	-5156.97	-5069.6	-5069.6	0
7.77691	0.0168161	-5133.38	-5046.79	-5046.79	0
7.79423	0.0167402	-5109.95	-5024.14	-5024.14	0
7.81155	0.0166648	-5086.69	-5001.64	-5001.64	0
7.82887	0.0165899	-5063.59	-4979.29	-4979.29	0
7.84619	0.0165156	-5040.64	-4957.09	-4957.09	0
7.86351	0.0164417	-5017.85	-4935.04	-4935.04	0
7.88083	0.0163683	-4995.22	-4913.13	-4913.13	0
7.89815	0.0162954	-4972.74	-4891.38	-4891.38	0
7.91547	0.016223	-4950.42	-4869.76	-4869.76	0
7.93279	0.0161511	-4928.24	-4848.29	-4848.29	0
7.95011	0.0160797	-4906.22	-4826.97	-4826.97	0
7.96743	0.0160087	-4884.34	-4805.78	-4805.78	0
7.98475	0.0159382	-4862.61	-4784.73	-4784.73	0
8.00207	0.0158682	-4841.03	-4763.82	-4763.82	0
8.0194	0.0157987	-4819.59	-4743.05	-4743.05	0
8.03672	0.0157296	-4798.29	-4722.42	-4722.42	0
8.05404	0.0156609	-4777.14	-4701.92	-4701.92	0
8.07136	0.0155927	-4756.13	-4681.55	-4681.55	0
8.08868	0.015525	-4735.25	-4661.32	-4661.32	0
8.106	0.0154577	-4714.52	-4641.21	-4641.21	0
8.12332	0.0153908	-4693.92	-4621.24	-4621.24	0
8.14064	0.0153244	-4673.46	-4601.4	-4601.4	0
8.15796	0.0152584	-4653.13	-4581.68	-4581.68	0
8.17528	0.0151928	-4632.93	-4562.09	-4562.09	0
8.1926	0.0151277	-4612.87	-4542.63	-4542.63	0
8.20992	0.0150629	-4592.94	-4523.29	-4523.29	0
8.22724	0.0149986	-4573.14	-4504.08	-4504.08	0
8.24456	0.0149347	-4553.47	-4484.98	-4484.98	0
8.26188	0.0148712	-4533.92	-4466.01	-4466.01	0
8.2792	0.0148081	-4514.5	-4447.16	-4447.16	0
8.29652	0.0147455	-4495.21	-4428.43	-4428.43	0
8.31384	0.0146832	-4476.04	-4409.82	-4409.82	0
8.33116	0.0146213	-4457	-4391.33	-4391.33	0
8.34848	0.0145598	-4438.07	-4372.95	-4372.95	0
8.36581	0.0144987	-4419.27	-4354.68	-4354.68	0
8.38313	0.014438	-4400.59	-4336.54	-4336.54	0
8.40045	0.0143776	-4382.03	-4318.5	-4318.5	0
8.41777	0.0143177	-4363.58	-4300.58	-4300.58	0
8.43509	0.0142581	-4345.25	-4282.77	-4282.77	0
8.45241	0.0141989	-4327.04	-4265.07	-4265.07	0
8.46973	0.0141401	-4308.94	-4247.48	-4247.48	0
8.48705	0.0140816	-4290.96	-4230	-4230	0
8.50437	0.0140235	-4273.09	-4212.63	-4212.63	0
8.52169	0.0139657	-4255.34	-4195.36	-4195.36	0
8.53901	0.0139083	-4237.69	-4178.2	-4178.2	0
8.55633	0.0138513	-4220.15	-4161.15	-4161.15	0
8.57365	0.0137946	-4202.73	-4144.2	-4144.2	0
8.59097	0.0137383	-4185.41	-4127.35	-4127.35	0
8.60829	0.0136823	-4168.2	-4110.61	-4110.61	0
8.62561	0.0136267	-4151.1	-4093.97	-4093.97	0
8.64293	0.0135713	-4134.1	-4077.43	-4077.43	0
8.66025	0.0135164	-4117.21	-4060.99	-4060.99	0
